1845
1877
2011
1845
1955
1977
2022
1902
1616
1712
1803
1796
1808
1917
1951
1963
1918
2000
1911
2005
2084
2046
2015
2111
2114
2047
2248
2256
2310
2358
2214
2191
2209
2360
2420
2426
2356
2428
2289
2455
2505
2455
2359
2361
2591
2510
2395
2423
2624
2399
2487
2544
2500
2551
2481
2680
2587
2471
2540
2546
2677
2578
2705
2718
2489
2505
2533
2461
2491
2465
2669
2638
2649
2530
2659
2654
2465
2411
2411
2590
2640
2489
2604
2495
2517
2426
2309
2512
2433
2261
2482
2259
2354
2372
2390
2388
2277
2210
2288
2304
2083
2083
2236
2203
2017
2159
2084
2019
2110
1996
1971
1875
1950
1975
1829
1970
1806
1902
1701
1719
1776
1762
1649
1663
1712
1690
1491
1623
1552
1353
1500
1341
1510
1343
1273
1331
1209
1279
1155
1326
1232
1237
1087
1156
1242
995
965
1083
1014
1122
1099
957
1040
1094
976
932
1038
1022
784
767
832
801
752
787
907
765
777
697
874
746
836
699
888
841
675
701
651
675
734
880
724
864
760
890
763
903
821
904
894
837
940
932
951
752
970
896
848
797
837
976
861
1050
1072
1011
931
1126
1154
977
987
1200
1011
1049
1067
1316
1165
1229
1359
1248
1379
1384
1361
1257
1317
1331
1486
1568
1347
1567
1552
1502
1552
1618
1634
1559
1577
1648
1701
1826
1691
1916
1882
1731
1894
2004
1908
1817
2069
1877
1967
2138
2122
2102
2007
2240
2027
2184
2165
2256
2195
2259
2161
2256
2307
2303
2414
2273
2375
2288
2403
2515
2353
2395
2598
2391
2389
2480
2417
2540
2534
2642
2433
2480
2592
2670
2599
2445
2608
2481
2453
2547
2507
2646
2499
2443
2465
2624
2704
2547
2671
2480
2459
2637
2421
2434
2441
2485
2606
2421
2608
2399
2379
2544
2416
2352
2540
2427
2287
2315
2285
2420
2273
2414
2194
2185
2333
2311
2121
2286
2202
2276
2043
2064
2220
2124
1995
1905
2072
1801
2016
1855
1781
2004
1865
1859
1858
1882
1878
1682
1597
1613
1631
1716
1521
1714
1499
1459
1424
1576
1341
1513
1526
1479
1233
1261
1215
1406
1401
1303
1338
1234
1295
1216
1040
1262
1154
1056
1191
987
1140
959
955
945
963
857
861
996
815
1036
1014
757
767
753
747
746
735
933
787
876
911
688
904
661
855
882
678
811
870
884
726
769
852
844
720
771
902
703
955
707
960
710
761
892
816
972
832
789
811
848
912
1033
1069
945
883
959
1142
1189
1174
991
1139
1064
1081
1099
1161
1281
1327
1184
1394
1217
1441
1413
1296
1424
1293
1340
1392
1393
1494
1435
1683
1567
1630
1735
1782
1699
1764
1667
1857
1839
1775
1900
1840
1797
1812
1865
2067
2062
1904
2063
2160
1945
2187
2175
2069
2114
2203
2123
2135
2343
2297
2327
2201
2197
2416
2235
2339
2363
2442
2407
2307
2355
2394
2381
2578
2402
2593
2546
2428
2508
2594
2496
2663
2640
2473
2536
2510
2539
2508
2480
2570
2514
2679
2709
2567
2673
2691
2526
2577
2603
2706
2625
2543
2634
2545
2399
2446
2405
2639
2555
2603
2507
2579
2351
2547
2384
2421
2304
2459
2351
2320
2300
2286
2183
2258
2134
2306
2115
2307
2111
2079
2259
2033
2141
2160
1984
2128
1870
2015
1956
2031
1805
1885
1777
1712
1813
1664
1727
1766
1584
1585
1668
1683
1639
1595
1465
1552
1405
1599
1316
1520
1450
1310
1294
1366
1350
1419
1374
1347
1214
1278
1073
1039
1147
1066
1111
1131
1162
976
947
909
1088
865
838
917
817
828
776
843
966
790
798
735
900
846
755
752
916
918
816
895
687
887
822
819
697
880
832
736
912
879
879
720
688
848
896
717
731
771
880
816
735
951
1003
944
916
891
919
885
880
969
980
1067
1023
955
1076
974
1058
1008
1202
1057
1203
1059
1152
1132
1244
1180
1424
1186
1301
1256
1269
1374
1326
1514
1373
1472
1456
1611
1597
1602
1718
1552
1722
1695
1747
1712
1724
1715
1935
1835
1824
1843
1811
1888
2095
1869
1920
2135
2161
1985
2223
2021
2278
2191
2286
2263
2138
2187
2215
2415
2379
2416
2276
2292
2252
2391
2322
2334
2574
2470
2486
2375
2499
2401
2571
2608
2448
2410
2433
2480
2453
2608
2548
2459
2695
2497
2474
2496
2511
2683
2598
2550
2699
2491
2610
2593
2501
2667
2545
2512
2540
2442
2467
2441
2463
2404
2478
2491
2589
2593
2454
2422
2347
2487
2448
2432
2448
2450
2320
2390
2201
2180
2224
2171
2123
2158
2173
2246
2167
2135
2196
2096
2046
2146
2007
2000
1856
2046
1814
1771
1898
1720
1911
1915
1753
1648
1789
1576
1568
1734
1694
1625
1552
1437
1429
1456
1336
1507
1392
1379
1488
1390
1305
1205
1223
1160
1227
1120
1073
1139
1036
1019
1085
1193
941
994
931
1048
992
1011
1091
1043
841
976
1036
806
828
826
1003
934
779
723
708
829
803
726
869
699
742
898
913
756
713
688
870
708
848
902
849
919
765
887
887
822
880
826
934
891
912
975
964
849
792
782
829
1010
1072
914
949
1089
1077
944
975
963
1035
1187
1029
1250
1092
1235
1175
1329
1160
1346
1264
1358
1375
1456
1262
1498
1293
1386
1322
1375
1633
1466
1610
1486
1638
1648
1648
1578
1670
1845
1758
1778
1895
1855
1717
1785
2007
2032
1840
1968
1904
2087
1968
1959
2204
2222
2263
2219
2218
2210
2145
2299
2224
2278
2209
2422
2414
2409
2411
2276
2288
2365
2361
2519
2556
2434
2578
2379
2441
2606
2524
2638
2498
2524
2478
2522
2461
2450
2445
2672
2663
2612
2655
2721
2576
2496
2433
2715
2690
2462
2687
2527
2641
2526
2505
2465
2436
2471
2409
2449
2627
2530
2474
2384
2425
2351
2447
2478
2287
2416
2326
2463
2249
2221
2415
2278